three_points_calibration:
  ros__parameters:
    PHOTO_POSE: [32.843, -9.295, 10.193, 0.00, -90.00, 32.690]
    camera_intrinsics: [1356.0655617655898, 0.0, 957.4870380954519, 0.0, 1353.7460874409824, 566.2490783631847, 0.0 ,0.0, 1.0]
    camera_distortion: [0.15750254269883593, -0.5168218077836098, 0.0005434462515759712, -0.00026716784212609326, 0.4667510596361807]
    tool2cam_quaternion: [-0.004735871427790741, 0.005292337923295983, -0.0023324221099695584, 0.9999720608538151] #x,y,z,w
    tool2cam_trans: [-0.034858375717665, -0.03257698137524212, 0.04432801177835459]
    base2tool_quaternion: [-180.0, 0.0, 90.0] #angle
    base2tool_trans: [-0.229737, 0.355894, 0.294339]
    input_pin: 6
